1 Aman 21 1200 1220 1500 1700 1320 1560 1970 1800
2 Yash 20 1200 1200 1200 1600 1322 2110 1400 1209
3 Prince 21 1700 600 433 558 723 927 290 189
4 Om 21 8000 1800 1822 1945 1567 342 890 239
5 Ketan 21 1100 1323 1569 1199 1300 1480 1345 1678
6 Mehtab 22 1000 1233 1344 1677 1323 1342 1876 1923
7 Karan 21 1000 1222 1346 1789 2344 1167 1234 1324
8 Amrit 21 1600 1834 2948 2234 2876 3987 2645 2742
9 Ujjawal 21 1000 1678 1567 1356 1234 1456 1890 1200
10 Mrityunjay 23 1000 1981 1732 1645 2134 1421 1781 1891
11 Roshan 21 1100 1200 1500 1700 1320 1560 1970 1809
12 Satyam 20 1200 1290 1290 1600 1352 2110 1400 1709
13 Avinash 21 1200 1600 1433 1558 1723 1927 1290 2189
14 Viraj 21 1200 2300 2222 2345 1567 1342 2890 2239
15 Rishav 22 1800 1323 1569 1199 1304 1480 1345 678
16 Shaurya 22 1500 1233 1344 1677 1323 1342 1876 1923
17 Amarjeet 22 1300 2422 2346 789 2344 2167 2234 2324
18 Mohit 23 1200 2234 2748 1334 1676 1987 1645 2142
19 Shoham 24 1200 1678 1567 1376 1234 1456 1890 2120
20 Naman  22 1200 1981 1732 1745 2254 1433 1459 1799